4.253479272606015229e+02,4.057896475972603412e+02,3.405666351964368914e+03,3.461043559483688114e+03,3.557287071292443215e+03,3.644401749649034173e+03,3.560931572064022475e+03,3.644909676419977586e+03,3.560987325848630007e+03,3.644971591412709131e+03,3.560993043400916122e+03,3.644990161319421986e+03,3.560994300621893672e+03,3.644995409310122795e+03,3.560994628526199449e+03,3.644996869861811319e+03,3.560994715897089463e+03,3.644997275536184134e+03,3.560994739231181029e+03,3.644997388243836212e+03
4.310747283284238165e+02,3.743764748956500625e+02,3.348878766819265820e+03,3.493686433500166459e+03,3.520225044647110735e+03,3.671049548505525308e+03,3.524501029153360378e+03,3.673238631019043623e+03,3.524826768934328356e+03,3.673310223995673823e+03,3.524851624223425461e+03,3.673317384274761935e+03,3.524853340205240784e+03,3.673318340326825364e+03,3.524853466977984681e+03,3.673318482859689539e+03,3.524853477286825637e+03,3.673318505070991705e+03,3.524853478185969379e+03,3.673318508620154716e+03
4.438999160594546538e+02,3.972576269409117344e+02,3.431427145677525459e+03,3.338785257024205293e+03,3.595446486687542802e+03,3.526891561719762194e+03,3.595655564505495931e+03,3.534439506536123645e+03,3.595662591262867863e+03,3.534658985710351317e+03,3.595663229867668633e+03,3.534662921273024494e+03,3.595663300332795188e+03,3.534661734843229624e+03,3.595663308586970743e+03,3.534661306163629888e+03,3.595663309570116780e+03,3.534661181828723784e+03,3.595663309687732180e+03,3.534661147045032521e+03
4.349992054431049837e+02,4.387135133419674276e+02,3.537052498327156172e+03,3.352140040196636164e+03,3.723411262822602566e+03,3.520977843085406676e+03,3.723798647873709342e+03,3.526788256196125076e+03,3.723798980845099322e+03,3.527574174119580221e+03,3.723798980279213993e+03,3.527667302374804876e+03,3.723798980315102199e+03,3.527677799585170305e+03,3.723798980316663801e+03,3.527678985504279808e+03,3.723798980316714733e+03,3.527679120919764955e+03,3.723798980316716097e+03,3.527679136582527462e+03
4.330904181827287402e+02,4.359977452820170356e+02,3.424198556837889555e+03,3.568337443919062935e+03,3.605580146826845066e+03,3.763446473489146229e+03,3.606360340017774433e+03,3.764865190410514515e+03,3.606356579190061893e+03,3.764884347376847472e+03,3.606356377370748760e+03,3.764884913182193941e+03,3.606356363181625966e+03,3.764884930255162544e+03,3.606356362675781838e+03,3.764884930773205724e+03,3.606356362658617854e+03,3.764884930788963175e+03,3.606356362657514637e+03,3.764884930789445207e+03
4.053595445004381759e+02,4.485590650822015277e+02,3.355733368440651248e+03,3.404667353912728686e+03,3.518682239144577579e+03,3.606138170010890917e+03,3.525843525825147935e+03,3.606958808613676410e+03,3.527026671508832806e+03,3.606991315780633613e+03,3.527205788914832283e+03,3.606997273965208024e+03,3.527228999922996081e+03,3.606998672819684998e+03,3.527231942994239944e+03,3.606999027040200872e+03,3.527232315390305757e+03,3.606999119376074304e+03,3.527232362512268992e+03,3.606999143752982945e+03
4.021930938672314824e+02,4.244649984169358277e+02,3.559741327597645522e+03,3.344596696748211343e+03,3.760980990154082519e+03,3.538503337765222113e+03,3.761406246052727965e+03,3.539958526833027463e+03,3.761398188896195279e+03,3.540012713928111680e+03,3.761393943381979625e+03,3.540015124434951304e+03,3.761392717446044571e+03,3.540015958089415562e+03,3.761392377856448547e+03,3.540016289179079649e+03,3.761392284166437548e+03,3.540016399238427766e+03,3.761392258326336560e+03,3.540016432911148968e+03
4.387261264454870116e+02,4.040584280857269732e+02,3.419931755221881303e+03,3.391221058994950909e+03,3.571757236706988351e+03,3.591952791130007427e+03,3.573782348166837437e+03,3.594308971747441319e+03,3.573885385732952727e+03,3.594363453199010110e+03,3.573890539295951839e+03,3.594365074276515770e+03,3.573890812808720057e+03,3.594365125869915573e+03,3.573890829408349873e+03,3.594365127623136686e+03,3.573890831026279557e+03,3.594365127683275659e+03,3.573890831318430628e+03,3.594365127685326570e+03
4.483471586291649942e+02,4.420566217205815747e+02,3.578368193256559152e+03,3.407988485210309591e+03,3.763313083398359595e+03,3.594017086105092403e+03,3.766139668150426587e+03,3.604653333292301340e+03,3.766199660839160515e+03,3.607039055069273672e+03,3.766201433363490196e+03,3.607372246800915036e+03,3.766201489574150855e+03,3.607411083741936181e+03,3.766201491378036280e+03,3.607415584000239960e+03,3.766201491436462675e+03,3.607416116200216493e+03,3.766201491438366702e+03,3.607416180967970831e+03
4.162751313104047313e+02,4.039053295968788575e+02,3.442487867927246498e+03,3.457207815772113008e+03,3.604897824617120477e+03,3.648530431116528234e+03,3.606871374455772639e+03,3.651130837081537265e+03,3.606970237517990881e+03,3.651351565015968845e+03,3.606982311405507971e+03,3.651380194655089326e+03,3.606984868345884479e+03,3.651384705752398986e+03,3.606985508581144131e+03,3.651385639332134815e+03,3.606985675032650761e+03,3.651385881162908845e+03,3.606985718866208572e+03,3.651385951848883451e+03
