4.253479272606015229e+02,3.405666351964368914e+03,3.557287071292443215e+03,3.560931572064022475e+03,3.560987325848630007e+03,3.560993043400916122e+03,3.560994300621893672e+03,3.560994628526199449e+03,3.560994715897089463e+03,3.560994739231181029e+03
4.310747283284238165e+02,3.348878766819265820e+03,3.520225044647110735e+03,3.524501029153360378e+03,3.524826768934328356e+03,3.524851624223425461e+03,3.524853340205240784e+03,3.524853466977984681e+03,3.524853477286825637e+03,3.524853478185969379e+03
4.438999160594546538e+02,3.431427145677525459e+03,3.595446486687542802e+03,3.595655564505495931e+03,3.595662591262867863e+03,3.595663229867668633e+03,3.595663300332795188e+03,3.595663308586970743e+03,3.595663309570116780e+03,3.595663309687732180e+03
4.349992054431049837e+02,3.537052498327156172e+03,3.723411262822602566e+03,3.723798647873709342e+03,3.723798980845099322e+03,3.723798980279213993e+03,3.723798980315102199e+03,3.723798980316663801e+03,3.723798980316714733e+03,3.723798980316716097e+03
4.330904181827287402e+02,3.424198556837889555e+03,3.605580146826845066e+03,3.606360340017774433e+03,3.606356579190061893e+03,3.606356377370748760e+03,3.606356363181625966e+03,3.606356362675781838e+03,3.606356362658617854e+03,3.606356362657514637e+03
4.053595445004381759e+02,3.355733368440651248e+03,3.518682239144577579e+03,3.525843525825147935e+03,3.527026671508832806e+03,3.527205788914832283e+03,3.527228999922996081e+03,3.527231942994239944e+03,3.527232315390305757e+03,3.527232362512268992e+03
4.021930938672314824e+02,3.559741327597645522e+03,3.760980990154082519e+03,3.761406246052727965e+03,3.761398188896195279e+03,3.761393943381979625e+03,3.761392717446044571e+03,3.761392377856448547e+03,3.761392284166437548e+03,3.761392258326336560e+03
4.387261264454870116e+02,3.419931755221881303e+03,3.571757236706988351e+03,3.573782348166837437e+03,3.573885385732952727e+03,3.573890539295951839e+03,3.573890812808720057e+03,3.573890829408349873e+03,3.573890831026279557e+03,3.573890831318430628e+03
4.483471586291649942e+02,3.578368193256559152e+03,3.763313083398359595e+03,3.766139668150426587e+03,3.766199660839160515e+03,3.766201433363490196e+03,3.766201489574150855e+03,3.766201491378036280e+03,3.766201491436462675e+03,3.766201491438366702e+03
4.162751313104047313e+02,3.442487867927246498e+03,3.604897824617120477e+03,3.606871374455772639e+03,3.606970237517990881e+03,3.606982311405507971e+03,3.606984868345884479e+03,3.606985508581144131e+03,3.606985675032650761e+03,3.606985718866208572e+03
